%
0.003 0.500000000007992  0.500000000006689  3.49845725017586
0.006 0.500000000026892  0.500000000022682  3.4968267942126
0.009 0.500000000031819  0.500000000025219  3.49510821506223
0.012 0.50000000002503  0.500000000016225  3.49330149827783
0.015 0.500000000020122  0.500000000009368  3.49140663536222
0.018 0.499999999985589  0.499999999973294  3.48942362583792
0.021 0.499999999940585  0.499999999927083  3.48735246977744
0.024 0.499999999879184  0.499999999865006  3.48519316757242
0.027 0.499999999809028  0.499999999794585  3.4829457236639
0.03 0.499999999719848  0.499999999705515  3.48061014125127
0.033 0.499999999610724  0.499999999596947  3.4781864208751
0.036 0.49999999948329  0.499999999470495  3.47567456296838
0.039 0.499999999342813  0.499999999331343  3.47307456829872
0.042 0.499999999192595  0.499999999182775  3.4703864372403
0.045 0.499999999035349  0.49999999902747  3.4676101698207
0.048 0.499999998868644  0.499999998862665  3.46474577000149
0.051 0.499999998700786  0.499999998694411  3.46179324256015
0.054 0.499999998512549  0.499999998507087  3.4587525895803
0.057 0.499999998318759  0.499999998312923  3.45562381673599
0.06 0.49999999819726  0.499999998191047  3.4524069320689
0.063 0.499999997988482  0.499999997981852  3.44910192695682
0.066 0.499999997898431  0.499999997890044  3.44570881245841
0.069 0.499999997769217  0.499999997758801  3.44222758003053
0.072 0.499999997657768  0.499999997645486  3.43865822975799
0.075 0.499999997563806  0.49999999754977  3.4350007627219
0.078 0.499999997469466  0.499999997453627  3.43125517935896
0.081 0.499999997400213  0.499999997382148  3.42742147916739
0.084 0.49999999735181  0.499999997331724  3.42349965847525
0.087 0.499999997316792  0.499999997295169  3.41948971924936
0.09 0.499999997283745  0.499999997261323  3.41539166156223
0.093 0.499999997225012  0.49999999720071  3.41120548750764
0.096 0.499999997208496  0.499999997182708  3.4069311984366
0.099 0.499999997261008  0.499999997234598  3.40256879829085
0.102 0.499999997269548  0.499999997243262  3.39811828770078
0.105 0.499999997572806  0.499999997546625  3.3935796896702
0.108 0.499999997661439  0.499999997637154  3.38895297749186
0.111 0.499999997696551  0.499999997675739  3.38423815384915
0.114 0.499999997766022  0.4999999977505  3.37943522681335
0.117 0.4999999978986  0.499999997889431  3.37454419893061
0.12 0.499999998103585  0.499999998101228  3.36956506885159
0.123 0.49999999836746  0.499999998372176  3.36449783906643
0.126 0.499999998618108  0.499999998629969  3.35934251897791
0.129 0.499999998926008  0.499999998945336  3.35409911729902
0.132 0.499999999152027  0.499999999179576  3.34876764641458
0.135 0.499999999645014  0.499999999680176  3.34334810517039
0.138 0.500000000123516  0.500000000167147  3.33784048658812
0.141 0.500000000693782  0.500000000746573  3.33224478971317
0.144 0.500000001368124  0.500000001430645  3.32656101299707
0.147 0.500000002135581  0.500000002208511  3.32078915049502
