%
0.003 0 0 0
0.006 0 0 0
0.009 0 0 0
0.012 0 0 0
0.015 0 0 0
0.018 0 0 0
0.021 0 0 0
0.024 0 0 0
0.027 0 0 0
0.03 0 0 0
0.033 0 0 0
0.036 0 0 0
0.039 0 0 0
0.042 0 0 0
0.045 0 0 0
0.048 0 0 0
0.051 0 0 0
0.054 0 0 0
0.057 0 0 0
0.06 0 0 0
0.063 0 0 0
0.066 0 0 0
0.069 0 0 0
0.072 0 0 0
0.075 0 0 0
0.078 0 0 0
0.081 0 0 0
0.084 0 0 0
0.087 0 0 0
0.09 0 0 0
0.093 0 0 0
0.096 0 0 0
0.099 0 0 0
0.102 0 0 0
0.105 0 0 0
0.108 0 0 0
0.111 0 0 0
0.114 0 0 0
0.117 0 0 0
0.12 0 0 0
0.123 0 0 0
0.126 0 0 0
0.129 0 0 0
0.132 0 0 0
0.135 0 0 0
0.138 0 0 0
0.141 0 0 0
0.144 0 0 0
0.147 0 0 0
