%
0.003 1.14648677687028e-08 1.03490886057965e-08 -0.528801801517382
0.006 3.4853031015854e-09 2.64602795377611e-09 -0.558171303010948
0.009 -3.43955000794709e-10 -1.1007431547674e-09 -0.587548813581757
0.012 -4.20372777054272e-09 -4.90151921355671e-09 -0.61692936450907
0.015 -9.59922193090576e-09 -1.018663922515e-08 -0.646312270322764
0.018 -1.30142131430595e-08 -1.34744996760076e-08 -0.675694165584749
0.021 -1.67098243061672e-08 -1.70517422798128e-08 -0.705076568057253
0.024 -2.33850352791149e-08 -2.35201336338332e-08 -0.734457878824876
0.027 -2.63586820529975e-08 -2.63865407683794e-08 -0.763837805222539
0.03 -3.27456003992087e-08 -3.26502398652911e-08 -0.793217161384648
0.033 -3.98223842232826e-08 -3.95699995517429e-08 -0.822596396631029
0.036 -4.4938172357262e-08 -4.45556593665634e-08 -0.851975535539724
0.039 -4.85607303224558e-08 -4.80675418865101e-08 -0.881354129409791
0.042 -5.10842176881553e-08 -5.04827508992395e-08 -0.910733272508665
0.045 -5.42676098090871e-08 -5.35569839038766e-08 -0.940111434693393
0.048 -5.92515488796072e-08 -6.09726816324099e-08 -0.969487796560043
0.051 -6.24783554725206e-08 -6.17170538509677e-08 -0.998863838520246
0.054 -6.40363379701443e-08 -6.40974966980699e-08 -1.0282377262176
0.057 -6.50761971544709e-08 -6.51956674341344e-08 -1.05761076027296
0.06 -7.65622963412322e-08 -7.66196848203895e-08 -1.08698163210387
0.063 -3.06819131940595e-08 -3.11448753282397e-08 -1.11635398524414
0.066 -4.74315280639807e-08 -4.80677678356972e-08 -1.14572425752686
0.069 -4.26872057964322e-08 -4.33115722710088e-08 -1.17509797890609
0.072 -3.27344341072215e-08 -3.33809702890024e-08 -1.20446910705102
0.075 -3.2151929169522e-08 -3.25756797903442e-08 -1.2338420371373
0.078 -2.69606508388231e-08 -2.77402913524123e-08 -1.26321369803954
0.081 -1.95126989678364e-08 -2.02418074682648e-08 -1.29258688268058
0.084 -1.30490466334148e-08 -1.36589765609229e-08 -1.32196011544077
0.087 -1.06132632442377e-08 -1.10363325505115e-08 -1.35133274122364
0.09 -1.32883181678607e-08 -1.34167079459727e-08 -1.38070568410467
0.093 1.04391402212205e-08 9.76493614607355e-09 -1.41007693462529
0.096 -1.45095879765031e-08 -1.48572657649616e-08 -1.4394491346886
0.099 -4.72764717307708e-09 -4.80490318170662e-09 -1.46881767503242
0.102 1.24712399480088e-07 1.2440098279501e-07 -1.49818291900094
0.105 6.25590629706133e-08 6.29196845356845e-08 -1.52755154632018
0.108 9.69313006699301e-09 1.05812458513266e-08 -1.55692259634403
0.111 1.3674110465947e-08 1.50312494309244e-08 -1.58629261375858
0.114 3.21444787653019e-08 3.41271392545279e-08 -1.6156588506462
0.117 5.71151951731074e-08 5.92984085020208e-08 -1.64502642633785
0.12 8.09347784738943e-08 8.3295348486113e-08 -1.67439363103553
0.123 9.07065324730464e-08 9.30209381151799e-08 -1.70375900420536
0.126 6.88963416234643e-08 7.13322064097288e-08 -1.73312064756083
0.129 2.3552016630169e-07 2.38117083237857e-07 -1.76247670051065
0.132 5.89012273246601e-08 6.16553894862258e-08 -1.79183781503606
0.135 1.47424789766572e-07 1.50155714866908e-07 -1.82119380234035
0.138 1.84984299926043e-07 1.87922082161641e-07 -1.85055191702407
0.141 2.10023021837278e-07 2.13136800664365e-07 -1.87991199606569
0.144 2.38441096063495e-07 2.41835147809151e-07 -1.90927330462453
0.147 2.72010316425353e-07 2.75555071799169e-07 -1.93863481682691
